function data()
return {
	times = { 0, 41.667, 83.333, 125, 166.667, 208.333, 250, 291.667, 333.333, 375, 416.667, 458.333, 500, 541.667, 583.333, 625, 666.667, 708.333, 750, 791.667, 833.333, 875, 916.667, 958.333, 1000, 1041.667, 1083.333, 1125, 1166.667, 1208.333, 1250, 2083.333, },
	transfs = {
		{ 1, 0, 0, 0, 0, 1, 0, 0, 0, 0, 1, 0, 0, 0, 0, 1, },
		{ 0.99999856948853, 0, -0.0016692660283297, 0, 0, 1, 0, 0, 0.0016692660283297, 0, 0.99999856948853, 0, 0, 0, 0, 1, },
		{ 0.99997872114182, 0, -0.0065252701751888, 0, 0, 1, 0, 0, 0.0065252701751888, 0, 0.99997872114182, 0, 0, 0, 0, 1, },
		{ 0.99989718198776, 0, -0.014340028166771, 0, 0, 1, 0, 0, 0.014340028166771, 0, 0.99989718198776, 0, 0, 0, 0, 1, },
		{ 0.99969029426575, 0, -0.024884685873985, 0, 0, 1, 0, 0, 0.024884685873985, 0, 0.99969029426575, 0, 0, 0, 0, 1, },
		{ 0.99928045272827, 0, -0.037928782403469, 0, 0, 1, 0, 0, 0.037928782403469, 0, 0.99928045272827, 0, 0, 0, 0, 1, },
		{ 0.99858176708221, 0, -0.053239606320858, 0, 0, 1, 0, 0, 0.053239606320858, 0, 0.99858176708221, 0, 0, 0, 0, 1, },
		{ 0.99750596284866, 0, -0.07058160752058, 0, 0, 1, 0, 0, 0.07058160752058, 0, 0.99750596284866, 0, 0, 0, 0, 1, },
		{ 0.99596732854843, 0, -0.089716129004955, 0, 0, 1, 0, 0, 0.089716129004955, 0, 0.99596732854843, 0, 0, 0, 0, 1, },
		{ 0.99388706684113, 0, -0.11040137708187, 0, 0, 1, 0, 0, 0.11040137708187, 0, 0.99388706684113, 0, 0, 0, 0, 1, },
		{ 0.99119728803635, 0, -0.13239276409149, 0, 0, 1, 0, 0, 0.13239276409149, 0, 0.99119728803635, 0, 0, 0, 0, 1, },
		{ 0.98784470558167, 0, -0.15544356405735, 0, 0, 1, 0, 0, 0.15544356405735, 0, 0.98784470558167, 0, 0, 0, 0, 1, },
		{ 0.98379337787628, 0, -0.1793058514595, 0, 0, 1, 0, 0, 0.1793058514595, 0, 0.98379337787628, 0, 0, 0, 0, 1, },
		{ 0.9790266752243, 0, -0.20373173058033, 0, 0, 1, 0, 0, 0.20373173058033, 0, 0.9790266752243, 0, 0, 0, 0, 1, },
		{ 0.97354984283447, 0, -0.22847458720207, 0, 0, 1, 0, 0, 0.22847458720207, 0, 0.97354984283447, 0, 0, 0, 0, 1, },
		{ 0.9673900604248, 0, -0.25329104065895, 0, 0, 1, 0, 0, 0.25329104065895, 0, 0.9673900604248, 0, 0, 0, 0, 1, },
		{ 0.96059793233871, 0, -0.27794179320335, 0, 0, 1, 0, 0, 0.27794179320335, 0, 0.96059793233871, 0, 0, 0, 0, 1, },
		{ 0.95324647426605, 0, -0.30219385027885, 0, 0, 1, 0, 0, 0.30219385027885, 0, 0.95324647426605, 0, 0, 0, 0, 1, },
		{ 0.94543129205704, 0, -0.32582148909569, 0, 0, 1, 0, 0, 0.32582148909569, 0, 0.94543129205704, 0, 0, 0, 0, 1, },
		{ 0.93726879358292, 0, -0.348607391119, 0, 0, 1, 0, 0, 0.348607391119, 0, 0.93726879358292, 0, 0, 0, 0, 1, },
		{ 0.92889487743378, 0, -0.37034350633621, 0, 0, 1, 0, 0, 0.37034350633621, 0, 0.92889487743378, 0, 0, 0, 0, 1, },
		{ 0.92046231031418, 0, -0.39083129167557, 0, 0, 1, 0, 0, 0.39083129167557, 0, 0.92046231031418, 0, 0, 0, 0, 1, },
		{ 0.91213864088058, 0, -0.40988177061081, 0, 0, 1, 0, 0, 0.40988177061081, 0, 0.91213864088058, 0, 0, 0, 0, 1, },
		{ 0.90410274267197, 0, -0.42731511592865, 0, 0, 1, 0, 0, 0.42731511592865, 0, 0.90410274267197, 0, 0, 0, 0, 1, },
		{ 0.89654177427292, 0, -0.44295918941498, 0, 0, 1, 0, 0, 0.44295918941498, 0, 0.89654177427292, 0, 0, 0, 0, 1, },
		{ 0.88964754343033, 0, -0.45664784312248, 0, 0, 1, 0, 0, 0.45664784312248, 0, 0.88964754343033, 0, 0, 0, 0, 1, },
		{ 0.88361239433289, 0, -0.46821907162666, 0, 0, 1, 0, 0, 0.46821907162666, 0, 0.88361239433289, 0, 0, 0, 0, 1, },
		{ 0.87862515449524, 0, -0.47751194238663, 0, 0, 1, 0, 0, 0.47751194238663, 0, 0.87862515449524, 0, 0, 0, 0, 1, },
		{ 0.87486654520035, 0, -0.48436400294304, 0, 0, 1, 0, 0, 0.48436400294304, 0, 0.87486654520035, 0, 0, 0, 0, 1, },
		{ 0.87250405550003, 0, -0.48860669136047, 0, 0, 1, 0, 0, 0.48860669136047, 0, 0.87250405550003, 0, 0, 0, 0, 1, },
		{ 0.87168729305267, 0, -0.49006241559982, 0, 0, 1, 0, 0, 0.49006241559982, 0, 0.87168729305267, 0, 0, 0, 0, 1, },
		{ 0.87168729305267, 0, -0.49006241559982, 0, 0, 1, 0, 0, 0.49006241559982, 0, 0.87168729305267, 0, 0, 0, 0, 1, },
	},
}
end
