function data()
return {
	times = { 0, 41.667, 83.333, 125, 166.667, 208.333, 250, 291.667, 333.333, 375, 416.667, 458.333, 500, 541.667, 583.333, 625, 666.667, 708.333, 750, 791.667, 833.333, 875, 916.667, 958.333, 1000, 1041.667, 1083.333, 1125, 1166.667, 1208.333, 1250, 2083.333, },
	transfs = {
		{ 1, 0, 0, 0, 0, 1, 0, 0, 0, 0, 1, 0, 0, 0, 0, 1, },
		{ 0.99999916553497, 0, -0.0012695866171271, 0, 0, 1, 0, 0, 0.0012695866171271, 0, 0.99999916553497, 0, 0, 0, 0, 1, },
		{ 0.99998766183853, 0, -0.0049629099667072, 0, 0, 1, 0, 0, 0.0049629099667072, 0, 0.99998766183853, 0, 0, 0, 0, 1, },
		{ 0.99994045495987, 0, -0.010906687006354, 0, 0, 1, 0, 0, 0.010906687006354, 0, 0.99994045495987, 0, 0, 0, 0, 1, },
		{ 0.99982088804245, 0, -0.018927251920104, 0, 0, 1, 0, 0, 0.018927251920104, 0, 0.99982088804245, 0, 0, 0, 0, 1, },
		{ 0.99958366155624, 0, -0.028850246220827, 0, 0, 1, 0, 0, 0.028850246220827, 0, 0.99958366155624, 0, 0, 0, 0, 1, },
		{ 0.99917948246002, 0, -0.040500283241272, 0, 0, 1, 0, 0, 0.040500283241272, 0, 0.99917948246002, 0, 0, 0, 0, 1, },
		{ 0.99855709075928, 0, -0.053700752556324, 0, 0, 1, 0, 0, 0.053700752556324, 0, 0.99855709075928, 0, 0, 0, 0, 1, },
		{ 0.99766665697098, 0, -0.068273693323135, 0, 0, 1, 0, 0, 0.068273693323135, 0, 0.99766665697098, 0, 0, 0, 0, 1, },
		{ 0.99646234512329, 0, -0.084039740264416, 0, 0, 1, 0, 0, 0.084039740264416, 0, 0.99646234512329, 0, 0, 0, 0, 1, },
		{ 0.99490487575531, 0, -0.10081827640533, 0, 0, 1, 0, 0, 0.10081827640533, 0, 0.99490487575531, 0, 0, 0, 0, 1, },
		{ 0.99296259880066, 0, -0.11842779070139, 0, 0, 1, 0, 0, 0.11842779070139, 0, 0.99296259880066, 0, 0, 0, 0, 1, },
		{ 0.99061441421509, 0, -0.13668611645699, 0, 0, 1, 0, 0, 0.13668611645699, 0, 0.99061441421509, 0, 0, 0, 0, 1, },
		{ 0.98784983158112, 0, -0.15541124343872, 0, 0, 1, 0, 0, 0.15541124343872, 0, 0.98784983158112, 0, 0, 0, 0, 1, },
		{ 0.9846710562706, 0, -0.17442162334919, 0, 0, 1, 0, 0, 0.17442162334919, 0, 0.9846710562706, 0, 0, 0, 0, 1, },
		{ 0.98109292984009, 0, -0.19353713095188, 0, 0, 1, 0, 0, 0.19353713095188, 0, 0.98109292984009, 0, 0, 0, 0, 1, },
		{ 0.97714382410049, 0, -0.21257935464382, 0, 0, 1, 0, 0, 0.21257935464382, 0, 0.97714382410049, 0, 0, 0, 0, 1, },
		{ 0.97286516427994, 0, -0.23137281835079, 0, 0, 1, 0, 0, 0.23137281835079, 0, 0.97286516427994, 0, 0, 0, 0, 1, },
		{ 0.96831160783768, 0, -0.24974499642849, 0, 0, 1, 0, 0, 0.24974499642849, 0, 0.96831160783768, 0, 0, 0, 0, 1, },
		{ 0.96355026960373, 0, -0.26752734184265, 0, 0, 1, 0, 0, 0.26752734184265, 0, 0.96355026960373, 0, 0, 0, 0, 1, },
		{ 0.95865958929062, 0, -0.28455522656441, 0, 0, 1, 0, 0, 0.28455522656441, 0, 0.95865958929062, 0, 0, 0, 0, 1, },
		{ 0.95372879505157, 0, -0.30066826939583, 0, 0, 1, 0, 0, 0.30066826939583, 0, 0.95372879505157, 0, 0, 0, 0, 1, },
		{ 0.94885545969009, 0, -0.3157105743885, 0, 0, 1, 0, 0, 0.3157105743885, 0, 0.94885545969009, 0, 0, 0, 0, 1, },
		{ 0.94414514303207, 0, -0.32952991127968, 0, 0, 1, 0, 0, 0.32952991127968, 0, 0.94414514303207, 0, 0, 0, 0, 1, },
		{ 0.93970799446106, 0, -0.34197795391083, 0, 0, 1, 0, 0, 0.34197795391083, 0, 0.93970799446106, 0, 0, 0, 0, 1, },
		{ 0.93565768003464, 0, -0.3529087305069, 0, 0, 1, 0, 0, 0.3529087305069, 0, 0.93565768003464, 0, 0, 0, 0, 1, },
		{ 0.93210870027542, 0, -0.36217841506004, 0, 0, 1, 0, 0, 0.36217841506004, 0, 0.93210870027542, 0, 0, 0, 0, 1, },
		{ 0.92917364835739, 0, -0.36964356899261, 0, 0, 1, 0, 0, 0.36964356899261, 0, 0.92917364835739, 0, 0, 0, 0, 1, },
		{ 0.92696005105972, 0, -0.37515994906425, 0, 0, 1, 0, 0, 0.37515994906425, 0, 0.92696005105972, 0, 0, 0, 0, 1, },
		{ 0.92556810379028, 0, -0.37858113646507, 0, 0, 1, 0, 0, 0.37858113646507, 0, 0.92556810379028, 0, 0, 0, 0, 1, },
		{ 0.92508673667908, 0, -0.37975588440895, 0, 0, 1, 0, 0, 0.37975588440895, 0, 0.92508673667908, 0, 0, 0, 0, 1, },
		{ 0.92508673667908, 0, -0.37975588440895, 0, 0, 1, 0, 0, 0.37975588440895, 0, 0.92508673667908, 0, 0, 0, 0, 1, },
	},
}
end
