function data()
return {
	times = { 0, 41.667, 83.333, 125, 166.667, 208.333, 250, 291.667, 333.333, 375, 416.667, 458.333, 500, 541.667, 583.333, 625, 666.667, 708.333, 750, 791.667, 833.333, 875, 916.667, 958.333, 1000, 1041.667, 2083.333, },
	transfs = {
		{ 1, 0, 0, 0, 0, 1, 0, 0, 0, 0, 1, 0, 0, 0, 0, 1, },
		{ 0.99999141693115, 0, 0.0041421190835536, 0, 0, 1, 0, 0, -0.0041421190835536, 0, 0.99999141693115, 0, 0.0069799805060029, 0, 0.0036899184342474, 1, },
		{ 0.99987018108368, 0, 0.016113892197609, 0, 0, 1, 0, 0, -0.016113892197609, 0, 0.99987018108368, 0, 0.013959961012006, 0, 0.014355239458382, 1, },
		{ 0.99937927722931, 0, 0.035229183733463, 0, 0, 1, 0, 0, -0.035229183733463, 0, 0.99937927722931, 0, 0.020938720554113, 0, 0.031389500945807, 1, },
		{ 0.99815058708191, 0, 0.060789413750172, 0, 0, 1, 0, 0, -0.060789413750172, 0, 0.99815058708191, 0, 0.027918700128794, 0, 0.054186131805182, 1, },
		{ 0.99575209617615, 0, 0.092074356973171, 0, 0, 1, 0, 0, -0.092074356973171, 0, 0.99575209617615, 0, 0.043491210788488, 0, 0.082138516008854, 1, },
		{ 0.99173086881638, 0, 0.1283348351717, 0, 0, 1, 0, 0, -0.1283348351717, 0, 0.99173086881638, 0, 0.059064939618111, 0, 0.11464004218578, 1, },
		{ 0.98565232753754, 0, 0.16878846287727, 0, 0, 1, 0, 0, -0.16878846287727, 0, 0.98565232753754, 0, 0.078701168298721, 0, 0.15108428895473, 1, },
		{ 0.97713488340378, 0, 0.21262045204639, 0, 0, 1, 0, 0, -0.21262045204639, 0, 0.97713488340378, 0, 0.09833861887455, 0, 0.19086463749409, 1, },
		{ 0.965880215168, 0, 0.2589892745018, 0, 0, 1, 0, 0, -0.2589892745018, 0, 0.965880215168, 0, 0.1202392578125, 0, 0.23337440192699, 1, },
		{ 0.95169746875763, 0, 0.30703723430634, 0, 0, 1, 0, 0, -0.30703723430634, 0, 0.95169746875763, 0, 0.14323608577251, 0, 0.27800726890564, 1, },
		{ 0.93452173471451, 0, 0.35590597987175, 0, 0, 1, 0, 0, -0.35590597987175, 0, 0.93452173471451, 0, 0.16701292991638, 0, 0.32415640354156, 1, },
		{ 0.91442567110062, 0, 0.40475386381149, 0, 0, 1, 0, 0, -0.40475386381149, 0, 0.91442567110062, 0, 0.19125853478909, 0, 0.37121549248695, 1, },
		{ 0.89162421226501, 0, 0.45277616381645, 0, 0, 1, 0, 0, -0.45277616381645, 0, 0.89162421226501, 0, 0.21566161513329, 0, 0.41857779026031, 1, },
		{ 0.86647301912308, 0, 0.49922385811806, 0, 0, 1, 0, 0, -0.49922385811806, 0, 0.86647301912308, 0, 0.23990722000599, 0, 0.46563681960106, 1, },
		{ 0.83945977687836, 0, 0.54342168569565, 0, 0, 1, 0, 0, -0.54342168569565, 0, 0.83945977687836, 0, 0.26368406414986, 0, 0.51178592443466, 1, },
		{ 0.8111909031868, 0, 0.58478140830994, 0, 0, 1, 0, 0, -0.58478140830994, 0, 0.8111909031868, 0, 0.28668090701103, 0, 0.55641889572144, 1, },
		{ 0.78237241506577, 0, 0.6228107213974, 0, 0, 1, 0, 0, -0.6228107213974, 0, 0.78237241506577, 0, 0.30787962675095, 0, 0.59892868995667, 1, },
		{ 0.75378996133804, 0, 0.65711545944214, 0, 0, 1, 0, 0, -0.65711545944214, 0, 0.75378996133804, 0, 0.32907837629318, 0, 0.6387090086937, 1, },
		{ 0.72628366947174, 0, 0.6873950958252, 0, 0, 1, 0, 0, -0.6873950958252, 0, 0.72628366947174, 0, 0.34684079885483, 0, 0.675153195858, 1, },
		{ 0.70072638988495, 0, 0.71343010663986, 0, 0, 1, 0, 0, -0.71343010663986, 0, 0.70072638988495, 0, 0.36460202932358, 0, 0.70765495300293, 1, },
		{ 0.67799919843674, 0, 0.73506259918213, 0, 0, 1, 0, 0, -0.73506259918213, 0, 0.67799919843674, 0, 0.37767454981804, 0, 0.73560690879822, 1, },
		{ 0.65896856784821, 0, 0.7521705031395, 0, 0, 1, 0, 0, -0.7521705031395, 0, 0.65896856784821, 0, 0.3907470703125, 0, 0.75840359926224, 1, },
		{ 0.64446610212326, 0, 0.76463288068771, 0, 0, 1, 0, 0, -0.76463288068771, 0, 0.64446610212326, 0, 0.39132446050644, 0, 0.77543789148331, 1, },
		{ 0.63526558876038, 0, 0.77229374647141, 0, 0, 1, 0, 0, -0.77229374647141, 0, 0.63526558876038, 0, 0.39190185070038, 0, 0.78610336780548, 1, },
		{ 0.63206112384796, 0, 0.77491849660873, 0, 0, 1, 0, 0, -0.77491849660873, 0, 0.63206112384796, 0, 0.39248046278954, 0, 0.78979337215424, 1, },
		{ 0.63206112384796, 0, 0.77491849660873, 0, 0, 1, 0, 0, -0.77491849660873, 0, 0.63206112384796, 0, 0.40692138671875, 0, 0.78979337215424, 1, },
	},
}
end
