function data()
return {
	times = { 0, 1041.667, 1083.333, 1125, 1166.667, 1208.333, 1250, 1291.667, 1333.333, 1375, 1416.667, 1458.333, 1500, 1541.667, 1583.333, 1625, 1666.667, 1708.333, 1750, 1791.667, 1833.333, 1875, 1916.667, 1958.333, 2000, 2041.667, 2083.333, },
	transfs = {
		{ 1, 0, 0, 0, 0, 1, 0, 0, 0, 0, 1, 0, 0, 0, 0, 1, },
		{ 1, 0, 0, 0, 0, 1, 0, 0, 0, 0, 1, 0, 0.0082153314724565, 0, 0.0012150191469118, 1, },
		{ 1, 0, 6.5449862631795e-06, 0, 0, 1, 0, 0, -6.5449862631795e-06, 0, 1, 0, 0.0085437009111047, 0, 0.0012636184692383, 1, },
		{ 1, 0, 5.2359890105436e-05, 0, 0, 1, 0, 0, -5.2359890105436e-05, 0, 1, 0, 0.03323608264327, 0, 0.0013122176751494, 1, },
		{ 1, 0, 0.00017671466048341, 0, 0, 1, 0, 0, -0.00017671466048341, 0, 1, 0, 0.072674557566643, 0, 0.0028693389613181, 1, },
		{ 0.99999988079071, 0, 0.00041887914994732, 0, 0, 1, 0, 0, -0.00041887914994732, 0, 0.99999988079071, 0, 0.12545654177666, 0, 0.0049531934782863, 1, },
		{ 0.99999958276749, 0, 0.000818123400677, 0, 0, 1, 0, 0, -0.000818123400677, 0, 0.99999958276749, 0, 0.19017273187637, 0, 0.0075083537958562, 1, },
		{ 0.99999892711639, 0, 0.0014137162361294, 0, 0, 1, 0, 0, -0.0014137162361294, 0, 0.99999892711639, 0, 0.26542356610298, 0, 0.01047939248383, 1, },
		{ 0.99999743700027, 0, 0.0022449283860624, 0, 0, 1, 0, 0, -0.0022449283860624, 0, 0.99999743700027, 0, 0.34980285167694, 0, 0.013810805976391, 1, },
		{ 0.99999439716339, 0, 0.0033510266803205, 0, 0, 1, 0, 0, -0.0033510266803205, 0, 0.99999439716339, 0, 0.44190490245819, 0, 0.0174471270293, 1, },
		{ 0.99998861551285, 0, 0.0047712768428028, 0, 0, 1, 0, 0, -0.0047712768428028, 0, 0.99998861551285, 0, 0.54032653570175, 0, 0.021332969889045, 1, },
		{ 0.99997854232788, 0, 0.0065449406392872, 0, 0, 1, 0, 0, -0.0065449406392872, 0, 0.99997854232788, 0, 0.64366394281387, 0, 0.025412902235985, 1, },
		{ 0.99996197223663, 0, 0.0087112672626972, 0, 0, 1, 0, 0, -0.0087112672626972, 0, 0.99996197223663, 0, 0.75051206350327, 0, 0.029631422832608, 1, },
		{ 0.99993598461151, 0, 0.011309494264424, 0, 0, 1, 0, 0, -0.011309494264424, 0, 0.99993598461151, 0, 0.85946714878082, 0, 0.03393318131566, 1, },
		{ 0.99989658594131, 0, 0.014378839172423, 0, 0, 1, 0, 0, -0.014378839172423, 0, 0.99989658594131, 0, 0.96912354230881, 0, 0.038262594491243, 1, },
		{ 0.99983865022659, 0, 0.017958479002118, 0, 0, 1, 0, 0, -0.017958479002118, 0, 0.99983865022659, 0, 1.0780780315399, 0, 0.042564276605844, 1, },
		{ 0.99975597858429, 0, 0.022087534889579, 0, 0, 1, 0, 0, -0.022087534889579, 0, 0.99975597858429, 0, 1.1849267482758, 0, 0.046782799065113, 1, },
		{ 0.99964070320129, 0, 0.02680504694581, 0, 0, 1, 0, 0, -0.02680504694581, 0, 0.99964070320129, 0, 1.2882647514343, 0, 0.050862729549408, 1, },
		{ 0.99948298931122, 0, 0.032149974256754, 0, 0, 1, 0, 0, -0.032149974256754, 0, 0.99948298931122, 0, 1.3866857290268, 0, 0.054748609662056, 1, },
		{ 0.9992715716362, 0, 0.038161087781191, 0, 0, 1, 0, 0, -0.038161087781191, 0, 0.9992715716362, 0, 1.478787779808, 0, 0.058384969830513, 1, },
		{ 0.99899244308472, 0, 0.044876977801323, 0, 0, 1, 0, 0, -0.044876977801323, 0, 0.99899244308472, 0, 1.5631670951843, 0, 0.061716385185719, 1, },
		{ 0.99862945079803, 0, 0.052335951477289, 0, 0, 1, 0, 0, -0.052335951477289, 0, 0.99862945079803, 0, 1.6384167671204, 0, 0.064687386155128, 1, },
		{ 0.9979110956192, 0, 0.064601987600327, 0, 0, 1, 0, 0, -0.064601987600327, 0, 0.9979110956192, 0, 1.7031353712082, 0, 0.067242503166199, 1, },
		{ 0.99659144878387, 0, 0.082495130598545, 0, 0, 1, 0, 0, -0.082495130598545, 0, 0.99659144878387, 0, 1.7559155225754, 0, 0.069326400756836, 1, },
		{ 0.99486660957336, 0, 0.10119521617889, 0, 0, 1, 0, 0, -0.10119521617889, 0, 0.99486660957336, 0, 1.7953534126282, 0, 0.070883445441723, 1, },
		{ 0.9932599067688, 0, 0.11590801924467, 0, 0, 1, 0, 0, -0.11590801924467, 0, 0.9932599067688, 0, 1.8200469017029, 0, 0.07153957337141, 1, },
		{ 0.99254614114761, 0, 0.12186935544014, 0, 0, 1, 0, 0, -0.12186935544014, 0, 0.99254614114761, 0, 1.8285900354385, 0, 0.072195701301098, 1, },
	},
}
end
