function data()
return {
	times = { 0, 1250, 1291.667, 1333.333, 1375, 1416.667, 1458.333, 1500, 1541.667, 1583.333, 1625, 1666.667, 1708.333, 1750, 1791.667, 1833.333, 1875, 1916.667, 1958.333, 2000, 2041.667, 2083.333, },
	transfs = {
		{ 1, 0, 0, 0, 0, 1, 0, 0, 0, 0, 1, 0, 0, 0, 0, 1, },
		{ 1, 0, 0, 0, 0, 1, 0, 0, 0, 0, 1, 0, 0, -0.0076272580772638, 0, 1, },
		{ 1, 0, 0, 0, 0, 0.99999904632568, -0.0013919009361416, 0, 0, 0.0013919009361416, 0.99999904632568, 0, 0, -0.0078814690932631, -0.0034283446148038, 1, },
		{ 1, 0, 0, 0, 0, 0.99998551607132, -0.0053755925036967, 0, 0, 0.0053755925036967, 0.99998551607132, 0, 0, -0.008135681040585, -0.013090667314827, 1, },
		{ 1, 0, 0, 0, 0, 0.99993199110031, -0.011662904173136, 0, 0, 0.011662904173136, 0.99993199110031, 0, 0, -0.018879698589444, -0.028052978217602, 1, },
		{ 1, 0, 0, 0, 0, 0.99980068206787, -0.019965242594481, 0, 0, 0.019965242594481, 0.99980068206787, 0, 0, -0.034586180001497, -0.047381512820721, 1, },
		{ 1, 0, 0, 0, 0, 0.99955004453659, -0.02999335154891, 0, 0, 0.02999335154891, 0.99955004453659, 0, 0, -0.055638119578362, -0.070142440497875, 1, },
		{ 1, 0, 0, 0, 0, 0.99914026260376, -0.041457131505013, 0, 0, 0.041457131505013, 0.99914026260376, 0, 0, -0.08220611512661, -0.095068506896496, 1, },
		{ 1, 0, 0, 0, 0, 0.99853736162186, -0.054065730422735, 0, 0, 0.054065730422735, 0.99853736162186, 0, 0, -0.11361297219992, -0.11956031620502, 1, },
		{ 1, 0, 0, 0, 0, 0.99771738052368, -0.067527741193771, 0, 0, 0.067527741193771, 0.99771738052368, 0, 0, -0.14896728098392, -0.14068534970284, 1, },
		{ 1, 0, 0, 0, 0, 0.99666911363602, -0.081551484763622, 0, 0, 0.081551484763622, 0.99666911363602, 0, 0, -0.18737915158272, -0.1555108577013, 1, },
		{ 1, 0, 0, 0, 0, 0.99539619684219, -0.095845744013786, 0, 0, 0.095845744013786, 0.99539619684219, 0, 0, -0.22795775532722, -0.16110442578793, 1, },
		{ 1, 0, 0, 0, 0, 0.99391824007034, -0.11012028157711, 0, 0, 0.11012028157711, 0.99391824007034, 0, 0, -0.26973205804825, -0.16035018861294, 1, },
		{ 1, 0, 0, 0, 0, 0.99227142333984, -0.12408639490604, 0, 0, 0.12408639490604, 0.99227142333984, 0, 0, -0.31140929460526, -0.15959586203098, 1, },
		{ 1, 0, 0, 0, 0, 0.9905076622963, -0.13745751976967, 0, 0, 0.13745751976967, 0.9905076622963, 0, 0, -0.35161527991295, -0.15687355399132, 1, },
		{ 1, 0, 0, 0, 0, 0.9886936545372, -0.14994949102402, 0, 0, 0.14994949102402, 0.9886936545372, 0, 0, -0.3889767229557, -0.15209555625916, 1, },
		{ 1, 0, 0, 0, 0, 0.98690855503082, -0.16128087043762, 0, 0, 0.16128087043762, 0.98690855503082, 0, 0, -0.42212036252022, -0.14470413327217, 1, },
		{ 1, 0, 0, 0, 0, 0.98524105548859, -0.17117258906364, 0, 0, 0.17117258906364, 0.98524105548859, 0, 0, -0.44986569881439, -0.13456428050995, 1, },
		{ 1, 0, 0, 0, 0, 0.98378574848175, -0.17934741079807, 0, 0, 0.17934741079807, 0.98378574848175, 0, 0, -0.47180998325348, -0.12323249876499, 1, },
		{ 1, 0, 0, 0, 0, 0.98263871669769, -0.18552942574024, 0, 0, 0.18552942574024, 0.98263871669769, 0, 0, -0.48774382472038, -0.1126878336072, 1, },
		{ 1, 0, 0, 0, 0, 0.98189181089401, -0.18944253027439, 0, 0, 0.18944253027439, 0.98189181089401, 0, 0, -0.49745756387711, -0.10490974038839, 1, },
		{ 1, 0, 0, 0, 0, 0.98162710666656, -0.19080902636051, 0, 0, 0.19080902636051, 0.98162710666656, 0, 0, -0.50074219703674, -0.10187713056803, 1, },
	},
}
end
