function data()
return {
	times = { 0, 1250, 1291.667, 1333.333, 1375, 1416.667, 1458.333, 1500, 1541.667, 1583.333, 1625, 1666.667, 1708.333, 1750, 1791.667, 1833.333, 1875, 1916.667, 1958.333, 2000, 2041.667, 2083.333, },
	transfs = {
		{ 1, 0, 0, 0, 0, 1, 0, 0, 0, 0, 1, 0, 0, 0, 0, 1, },
		{ 1, 0, 0, 0, 0, 1, 0, 0, 0, 0, 1, 0, 0, 0, 0, 1, },
		{ 1, 0, 0, 0, 0, 0.99992769956589, -0.012020664289594, 0, 0, 0.012020664289594, 0.99992769956589, 0, 0, 0, 0, 1, },
		{ 1, 0, 0, 0, 0, 0.9989225268364, -0.046409070491791, 0, 0, 0.046409070491791, 0.9989225268364, 0, 0, 0, 0, 1, },
		{ 1, 0, 0, 0, 0, 0.99493128061295, -0.10055705159903, 0, 0, 0.10055705159903, 0.99493128061295, 0, 0, 0, 0, 1, },
		{ 1, 0, 0, 0, 0, 0.98516923189163, -0.1715852022171, 0, 0, 0.1715852022171, 0.98516923189163, 0, 0, 0, 0, 1, },
		{ 1, 0, 0, 0, 0, 0.966628074646, -0.25618389248848, 0, 0, 0.25618389248848, 0.966628074646, 0, 0, 0, 0, 1, },
		{ 1, 0, 0, 0, 0, 0.93654990196228, -0.3505342900753, 0, 0, 0.3505342900753, 0.93654990196228, 0, 0, 0, 0, 1, },
		{ 1, 0, 0, 0, 0, 0.89285123348236, -0.45035168528557, 0, 0, 0.45035168528557, 0.89285123348236, 0, 0, 0, 0, 1, },
		{ 1, 0, 0, 0, 0, 0.83446341753006, -0.55106335878372, 0, 0, 0.55106335878372, 0.83446341753006, 0, 0, 0, 0, 1, },
		{ 1, 0, 0, 0, 0, 0.76155245304108, -0.64810329675674, 0, 0, 0.64810329675674, 0.76155245304108, 0, 0, 0, 0, 1, },
		{ 1, 0, 0, 0, 0, 0.67559021711349, -0.73727720975876, 0, 0, 0.73727720975876, 0.67559021711349, 0, 0, 0, 0, 1, },
		{ 1, 0, 0, 0, 0, 0.57926332950592, -0.81514048576355, 0, 0, 0.81514048576355, 0.57926332950592, 0, 0, 0, 0, 1, },
		{ 1, 0, 0, 0, 0, 0.47623819112778, -0.87931632995605, 0, 0, 0.87931632995605, 0.47623819112778, 0, 0, 0, 0, 1, },
		{ 1, 0, 0, 0, 0, 0.37082073092461, -0.92870444059372, 0, 0, 0.92870444059372, 0.37082073092461, 0, 0, 0, 0, 1, },
		{ 1, 0, 0, 0, 0, 0.2675749361515, -0.96353703737259, 0, 0, 0.96353703737259, 0.2675749361515, 0, 0, 0, 0, 1, },
		{ 1, 0, 0, 0, 0, 0.17096149921417, -0.98527771234512, 0, 0, 0.98527771234512, 0.17096149921417, 0, 0, 0, 0, 1, },
		{ 1, 0, 0, 0, 0, 0.085068948566914, -0.99637508392334, 0, 0, 0.99637508392334, 0.085068948566914, 0, 0, 0, 0, 1, },
		{ 1, 0, 0, 0, 0, 0.013460273854434, -0.9999093413353, 0, 0, 0.9999093413353, 0.013460273854434, 0, 0, 0, 0, 1, },
		{ 1, 0, 0, 0, 0, -0.040829420089722, -0.99916607141495, 0, 0, 0.99916607141495, -0.040829420089722, 0, 0, 0, 0, 1, },
		{ 1, 0, 0, 0, 0, -0.075174503028393, -0.99717032909393, 0, 0, 0.99717032909393, -0.075174503028393, 0, 0, 0, 0, 1, },
		{ 1, 0, 0, 0, 0, -0.087155878543854, -0.99619460105896, 0, 0, 0.99619460105896, -0.087155878543854, 0, 0, 0, 0, 1, },
	},
}
end
