function data()
return {
	times = { 0, 1041.667, 1083.333, 1125, 1166.667, 1208.333, 1250, 1291.667, 1333.333, 1375, 1416.667, 1458.333, 1500, 1541.667, 1583.333, 1625, 1666.667, 1708.333, 1750, 1791.667, 1833.333, 1875, 1916.667, 1958.333, 2000, 2041.667, 2083.333, },
	transfs = {
		{ 1, 0, 0, 0, 0, 1, 0, 0, 0, 0, 1, 0, 0, 0, 0, 1, },
		{ 1, 0, 0, 0, 0, 1, 0, 0, 0, 0, 1, 0, 0, 0, 0, 1, },
		{ 1, 0, 0, 0, 0, 0.99998366832733, 0.0057078953832388, 0, 0, -0.0057078953832388, 0.99998366832733, 0, 0, 0, -0.00341796875, 1, },
		{ 1, 0, 0, 0, 0, 0.99975347518921, 0.022204354405403, 0, 0, -0.022204354405403, 0.99975347518921, 0, 0, 0, -0.013297881931067, 1, },
		{ 1, 0, 0, 0, 0, 0.99882137775421, 0.048537392169237, 0, 0, -0.048537392169237, 0.99882137775421, 0, 0, 0, -0.029077148064971, 1, },
		{ 1, 0, 0, 0, 0, 0.99648904800415, 0.083722375333309, 0, 0, -0.083722375333309, 0.99648904800415, 0, 0, 0, -0.0501942448318, 1, },
		{ 1, 0, 0, 0, 0, 0.99193871021271, 0.12671840190887, 0, 0, -0.12671840190887, 0.99193871021271, 0, 0, 0, -0.076087184250355, 1, },
		{ 1, 0, 0, 0, 0, 0.98431694507599, 0.17640858888626, 0, 0, -0.17640858888626, 0.98431694507599, 0, 0, 0, -0.10619445890188, 1, },
		{ 1, 0, 0, 0, 0, 0.97281336784363, 0.23159042000771, 0, 0, -0.23159042000771, 0.97281336784363, 0, 0, 0, -0.13995368778706, 1, },
		{ 1, 0, 0, 0, 0, 0.95672988891602, 0.29097744822502, 0, 0, -0.29097744822502, 0.95672988891602, 0, 0, 0, -0.176803201437, 1, },
		{ 1, 0, 0, 0, 0, 0.93554162979126, 0.35321626067162, 0, 0, -0.35321626067162, 0.93554162979126, 0, 0, 0, -0.2161813378334, 1, },
		{ 1, 0, 0, 0, 0, 0.90894520282745, 0.41691553592682, 0, 0, -0.41691553592682, 0.90894520282745, 0, 0, 0, -0.25752586126328, 1, },
		{ 1, 0, 0, 0, 0, 0.87689256668091, 0.4806863963604, 0, 0, -0.4806863963604, 0.87689256668091, 0, 0, 0, -0.30027517676353, 1, },
		{ 1, 0, 0, 0, 0, 0.83960926532745, 0.54319077730179, 0, 0, -0.54319077730179, 0.83960926532745, 0, 0, 0, -0.34386733174324, 1, },
		{ 1, 0, 0, 0, 0, 0.79759562015533, 0.60319244861603, 0, 0, -0.60319244861603, 0.79759562015533, 0, 0, 0, -0.38774031400681, 1, },
		{ 1, 0, 0, 0, 0, 0.75161230564117, 0.65960514545441, 0, 0, -0.65960514545441, 0.75161230564117, 0, 0, 0, -0.43133246898651, 1, },
		{ 1, 0, 0, 0, 0, 0.70265007019043, 0.71153557300568, 0, 0, -0.71153557300568, 0.70265007019043, 0, 0, 0, -0.47408172488213, 1, },
		{ 1, 0, 0, 0, 0, 0.65188878774643, 0.75831454992294, 0, 0, -0.75831454992294, 0.65188878774643, 0, 0, 0, -0.51542633771896, 1, },
		{ 1, 0, 0, 0, 0, 0.60065025091171, 0.79951190948486, 0, 0, -0.79951190948486, 0.60065025091171, 0, 0, 0, -0.5548043847084, 1, },
		{ 1, 0, 0, 0, 0, 0.55034554004669, 0.83493703603745, 0, 0, -0.83493703603745, 0.55034554004669, 0, 0, 0, -0.59165394306183, 1, },
		{ 1, 0, 0, 0, 0, 0.50242602825165, 0.86462020874023, 0, 0, -0.86462020874023, 0.50242602825165, 0, 0, 0, -0.62541329860687, 1, },
		{ 1, 0, 0, 0, 0, 0.45833903551102, 0.8887774348259, 0, 0, -0.8887774348259, 0.45833903551102, 0, 0, 0, -0.65552043914795, 1, },
		{ 1, 0, 0, 0, 0, 0.41949251294136, 0.90775871276855, 0, 0, -0.90775871276855, 0.41949251294136, 0, 0, 0, -0.68141341209412, 1, },
		{ 1, 0, 0, 0, 0, 0.38722714781761, 0.92198437452316, 0, 0, -0.92198437452316, 0.38722714781761, 0, 0, 0, -0.70253050327301, 1, },
		{ 1, 0, 0, 0, 0, 0.36280101537704, 0.93186664581299, 0, 0, -0.93186664581299, 0.36280101537704, 0, 0, 0, -0.71830981969833, 1, },
		{ 1, 0, 0, 0, 0, 0.34737813472748, 0.93772512674332, 0, 0, -0.93772512674332, 0.34737813472748, 0, 0, 0, -0.72818952798843, 1, },
		{ 1, 0, 0, 0, 0, 0.34201988577843, 0.939692735672, 0, 0, -0.939692735672, 0.34201988577843, 0, 0, 0, -0.73160755634308, 1, },
	},
}
end
