function data()
return {
	times = { 0, 1250, 1291.667, 1333.333, 1375, 1416.667, 1458.333, 1500, 1541.667, 1583.333, 1625, 1666.667, 1708.333, 1750, 1791.667, 1833.333, 1875, 1916.667, 1958.333, 2000, 2041.667, 2083.333, },
	transfs = {
		{ 1, 0, 0, 0, 0, 1, 0, 0, 0, 0, 1, 0, 0, 0, 0, 1, },
		{ 1, 0, 0, 0, 0, 1, 0, 0, 0, 0, 1, 0, 0, 0.0080191036686301, 0, 1, },
		{ 1, 0, 0, 0, 0, 0.99999904632568, 0.0013919009361416, 0, 0, -0.0013919009361416, 0.99999904632568, 0, 0, 0.0082864379510283, -0.0036330414004624, 1, },
		{ 1, 0, 0, 0, 0, 0.99998551607132, 0.0053755925036967, 0, 0, -0.0053755925036967, 0.99998551607132, 0, 0, 0.0085537722334266, -0.013807220384479, 1, },
		{ 1, 0, 0, 0, 0, 0.99993199110031, 0.011662904173136, 0, 0, -0.011662904173136, 0.99993199110031, 0, 0, 0.019690245389938, -0.029434965923429, 1, },
		{ 1, 0, 0, 0, 0, 0.99980068206787, 0.019965242594481, 0, 0, -0.019965242594481, 0.99980068206787, 0, 0, 0.035793762654066, -0.049429014325142, 1, },
		{ 1, 0, 0, 0, 0, 0.99955004453659, 0.02999335154891, 0, 0, -0.02999335154891, 0.99955004453659, 0, 0, 0.057160641998053, -0.072701722383499, 1, },
		{ 1, 0, 0, 0, 0, 0.99914026260376, 0.041457131505013, 0, 0, -0.041457131505013, 0.99914026260376, 0, 0, 0.083896175026894, -0.097873456776142, 1, },
		{ 1, 0, 0, 0, 0, 0.99853736162186, 0.054065730422735, 0, 0, -0.054065730422735, 0.99853736162186, 0, 0, 0.11534301191568, -0.12239600718021, 1, },
		{ 1, 0, 0, 0, 0, 0.99771738052368, 0.067527741193771, 0, 0, -0.067527741193771, 0.99771738052368, 0, 0, 0.15065459907055, -0.14342887699604, 1, },
		{ 1, 0, 0, 0, 0, 0.99666911363602, 0.081551484763622, 0, 0, -0.081551484763622, 0.99666911363602, 0, 0, 0.1889825463295, -0.15813155472279, 1, },
		{ 1, 0, 0, 0, 0, 0.99539619684219, 0.095845744013786, 0, 0, -0.095845744013786, 0.99539619684219, 0, 0, 0.22948028147221, -0.16366371512413, 1, },
		{ 1, 0, 0, 0, 0, 0.99391824007034, 0.11012028157711, 0, 0, -0.11012028157711, 0.99391824007034, 0, 0, 0.27121031284332, -0.16290946304798, 1, },
		{ 1, 0, 0, 0, 0, 0.99227142333984, 0.12408639490604, 0, 0, -0.12408639490604, 0.99227142333984, 0, 0, 0.31287688016891, -0.16215515136719, 1, },
		{ 1, 0, 0, 0, 0, 0.9905076622963, 0.13745751976967, 0, 0, -0.13745751976967, 0.9905076622963, 0, 0, 0.35309508442879, -0.15943282842636, 1, },
		{ 1, 0, 0, 0, 0, 0.9886936545372, 0.14994949102402, 0, 0, -0.14994949102402, 0.9886936545372, 0, 0, 0.39047881960869, -0.15465484559536, 1, },
		{ 1, 0, 0, 0, 0, 0.98690855503082, 0.16128087043762, 0, 0, -0.16128087043762, 0.98690855503082, 0, 0, 0.42364287376404, -0.14726340770721, 1, },
		{ 1, 0, 0, 0, 0, 0.98524105548859, 0.17117258906364, 0, 0, -0.17117258906364, 0.98524105548859, 0, 0, 0.45139861106873, -0.13712356984615, 1, },
		{ 1, 0, 0, 0, 0, 0.98378574848175, 0.17934741079807, 0, 0, -0.17934741079807, 0.98378574848175, 0, 0, 0.47334441542625, -0.12579177320004, 1, },
		{ 1, 0, 0, 0, 0, 0.98263871669769, 0.18552942574024, 0, 0, -0.18552942574024, 0.98263871669769, 0, 0, 0.48927429318428, -0.11524711549282, 1, },
		{ 1, 0, 0, 0, 0, 0.98189181089401, 0.18944253027439, 0, 0, -0.18944253027439, 0.98189181089401, 0, 0, 0.49898284673691, -0.10746902227402, 1, },
		{ 1, 0, 0, 0, 0, 0.98162710666656, 0.19080902636051, 0, 0, -0.19080902636051, 0.98162710666656, 0, 0, 0.50226467847824, -0.10443641245365, 1, },
	},
}
end
