function data()
return {
	times = { 0, 41.667, 83.333, 125, 166.667, 208.333, 250, 291.667, 333.333, 375, 416.667, 458.333, 500, 541.667, 583.333, 625, 666.667, 708.333, 750, 791.667, 833.333, 875, 916.667, 958.333, 1000, 1041.667, 1083.333, 1125, 1166.667, 1208.333, 1250, 2083.333, },
	transfs = {
		{ 1, 0, 0, 0, 0, 1, 0, 0, 0, 0, 1, 0, 0, 0, 0, 1, },
		{ 0.99999856948853, 0, -0.0016692660283297, 0, 0, 1, 0, 0, 0.0016692660283297, 0, 0.99999856948853, 0, -0.00098831171635538, 0, 0.0023482511751354, 1, },
		{ 0.99997872114182, 0, -0.0065252701751888, 0, 0, 1, 0, 0, 0.0065252701751888, 0, 0.99997872114182, 0, -0.0019764709286392, 0, 0.0091794198378921, 1, },
		{ 0.99989718198776, 0, -0.014340028166771, 0, 0, 1, 0, 0, 0.014340028166771, 0, 0.99989718198776, 0, -0.0029647827614099, 0, 0.020173378288746, 1, },
		{ 0.99969029426575, 0, -0.024884685873985, 0, 0, 1, 0, 0, 0.024884685873985, 0, 0.99969029426575, 0, -0.0039530945941806, 0, 0.035009879618883, 1, },
		{ 0.99928045272827, 0, -0.037928782403469, 0, 0, 1, 0, 0, 0.037928782403469, 0, 0.99928045272827, 0, -0.0062068174593151, 0, 0.053368680179119, 1, },
		{ 0.99858176708221, 0, -0.053239606320858, 0, 0, 1, 0, 0, 0.053239606320858, 0, 0.99858176708221, 0, -0.0084605403244495, 0, 0.074929617345333, 1, },
		{ 0.99750596284866, 0, -0.07058160752058, 0, 0, 1, 0, 0, 0.07058160752058, 0, 0.99750596284866, 0, -0.01136520318687, 0, 0.099372439086437, 1, },
		{ 0.99596732854843, 0, -0.089716129004955, 0, 0, 1, 0, 0, 0.089716129004955, 0, 0.99596732854843, 0, -0.014269866980612, 0, 0.12637706100941, 1, },
		{ 0.99388706684113, 0, -0.11040137708187, 0, 0, 1, 0, 0, 0.11040137708187, 0, 0.99388706684113, 0, -0.017572173848748, 0, 0.15562304854393, 1, },
		{ 0.99119728803635, 0, -0.13239276409149, 0, 0, 1, 0, 0, 0.13239276409149, 0, 0.99119728803635, 0, -0.021091155707836, 0, 0.1867902725935, 1, },
		{ 0.98784470558167, 0, -0.15544356405735, 0, 0, 1, 0, 0, 0.15544356405735, 0, 0.98784470558167, 0, -0.02479125931859, 0, 0.21955859661102, 1, },
		{ 0.98379337787628, 0, -0.1793058514595, 0, 0, 1, 0, 0, 0.1793058514595, 0, 0.98379337787628, 0, -0.028636015951633, 0, 0.25360789895058, 1, },
		{ 0.9790266752243, 0, -0.20373173058033, 0, 0, 1, 0, 0, 0.20373173058033, 0, 0.9790266752243, 0, -0.032589111477137, 0, 0.28861773014069, 1, },
		{ 0.97354984283447, 0, -0.22847458720207, 0, 0, 1, 0, 0, 0.22847458720207, 0, 0.97354984283447, 0, -0.036614533513784, 0, 0.32426783442497, 1, },
		{ 0.9673900604248, 0, -0.25329104065895, 0, 0, 1, 0, 0, 0.25329104065895, 0, 0.9673900604248, 0, -0.040676116943359, 0, 0.36023837327957, 1, },
		{ 0.96059793233871, 0, -0.27794179320335, 0, 0, 1, 0, 0, 0.27794179320335, 0, 0.96059793233871, 0, -0.044737700372934, 0, 0.39620891213417, 1, },
		{ 0.95324647426605, 0, -0.30219385027885, 0, 0, 1, 0, 0, 0.30219385027885, 0, 0.95324647426605, 0, -0.048763122409582, 0, 0.43185916543007, 1, },
		{ 0.94543129205704, 0, -0.32582148909569, 0, 0, 1, 0, 0, 0.32582148909569, 0, 0.94543129205704, 0, -0.052716214209795, 0, 0.46686899662018, 1, },
		{ 0.93726879358292, 0, -0.348607391119, 0, 0, 1, 0, 0, 0.348607391119, 0, 0.93726879358292, 0, -0.056560821831226, 0, 0.50091832876205, 1, },
		{ 0.92889487743378, 0, -0.37034350633621, 0, 0, 1, 0, 0, 0.37034350633621, 0, 0.92889487743378, 0, -0.06026092544198, 0, 0.53368663787842, 1, },
		{ 0.92046231031418, 0, -0.39083129167557, 0, 0, 1, 0, 0, 0.39083129167557, 0, 0.92046231031418, 0, -0.063780210912228, 0, 0.56485390663147, 1, },
		{ 0.91213864088058, 0, -0.40988177061081, 0, 0, 1, 0, 0, 0.40988177061081, 0, 0.91213864088058, 0, -0.067082367837429, 0, 0.59409987926483, 1, },
		{ 0.90410274267197, 0, -0.42731511592865, 0, 0, 1, 0, 0, 0.42731511592865, 0, 0.90410274267197, 0, -0.069987028837204, 0, 0.62110447883606, 1, },
		{ 0.89654177427292, 0, -0.44295918941498, 0, 0, 1, 0, 0, 0.44295918941498, 0, 0.89654177427292, 0, -0.072891689836979, 0, 0.64554733037949, 1, },
		{ 0.88964754343033, 0, -0.45664784312248, 0, 0, 1, 0, 0, 0.45664784312248, 0, 0.88964754343033, 0, -0.075145415961742, 0, 0.66710829734802, 1, },
		{ 0.88361239433289, 0, -0.46821907162666, 0, 0, 1, 0, 0, 0.46821907162666, 0, 0.88361239433289, 0, -0.077399134635925, 0, 0.68546706438065, 1, },
		{ 0.87862515449524, 0, -0.47751194238663, 0, 0, 1, 0, 0, 0.47751194238663, 0, 0.87862515449524, 0, -0.07862838357687, 0, 0.70030349493027, 1, },
		{ 0.87486654520035, 0, -0.48436400294304, 0, 0, 1, 0, 0, 0.48436400294304, 0, 0.87486654520035, 0, -0.079857788980007, 0, 0.7112974524498, 1, },
		{ 0.87250405550003, 0, -0.48860669136047, 0, 0, 1, 0, 0, 0.48860669136047, 0, 0.87250405550003, 0, -0.081087037920952, 0, 0.71812880039215, 1, },
		{ 0.87168729305267, 0, -0.49006241559982, 0, 0, 1, 0, 0, 0.49006241559982, 0, 0.87168729305267, 0, -0.081099696457386, 0, 0.71824061870575, 1, },
		{ 0.87168729305267, 0, -0.49006241559982, 0, 0, 1, 0, 0, 0.49006241559982, 0, 0.87168729305267, 0, -0.081352233886719, 0, 0.72047680616379, 1, },
	},
}
end
