function data()
return {
	times = { 0, 41.667, 83.333, 125, 166.667, 208.333, 250, 291.667, 333.333, 375, 416.667, 458.333, 500, 541.667, 583.333, 625, 666.667, 708.333, 750, 791.667, 833.333, 875, 916.667, 958.333, 1000, 1041.667, 1083.333, 1125, 1166.667, 1208.333, 1250, 2083.333, },
	transfs = {
		{ 1, 0, 0, 0, 0, 1, 0, 0, 0, 0, 1, 0, 0, 0, 0, 1, },
		{ 0.99999916553497, 0, -0.0012695866171271, 0, 0, 1, 0, 0, 0.0012695866171271, 0, 0.99999916553497, 0, -0.00042538178968243, 0, 0.0024160766042769, 1, },
		{ 0.99998766183853, 0, -0.0049629099667072, 0, 0, 1, 0, 0, 0.0049629099667072, 0, 0.99998766183853, 0, -0.0016628562007099, 0, 0.0094446176663041, 1, },
		{ 0.99994045495987, 0, -0.010906687006354, 0, 0, 1, 0, 0, 0.010906687006354, 0, 0.99994045495987, 0, -0.0036544161848724, 0, 0.02075607329607, 1, },
		{ 0.99982088804245, 0, -0.018927251920104, 0, 0, 1, 0, 0, 0.018927251920104, 0, 0.99982088804245, 0, -0.0063420562073588, 0, 0.036021195352077, 1, },
		{ 0.99958366155624, 0, -0.028850246220827, 0, 0, 1, 0, 0, 0.028850246220827, 0, 0.99958366155624, 0, -0.0096677672117949, 0, 0.054910317063332, 1, },
		{ 0.99917948246002, 0, -0.040500283241272, 0, 0, 1, 0, 0, 0.040500283241272, 0, 0.99917948246002, 0, -0.013573545962572, 0, 0.077094078063965, 1, },
		{ 0.99855709075928, 0, -0.053700752556324, 0, 0, 1, 0, 0, 0.053700752556324, 0, 0.99855709075928, 0, -0.01800138130784, 0, 0.10224296152592, 1, },
		{ 0.99766665697098, 0, -0.068273693323135, 0, 0, 1, 0, 0, 0.068273693323135, 0, 0.99766665697098, 0, -0.022893276065588, 0, 0.130027577281, 1, },
		{ 0.99646234512329, 0, -0.084039740264416, 0, 0, 1, 0, 0, 0.084039740264416, 0, 0.99646234512329, 0, -0.028191212564707, 0, 0.16011844575405, 1, },
		{ 0.99490487575531, 0, -0.10081827640533, 0, 0, 1, 0, 0, 0.10081827640533, 0, 0.99490487575531, 0, -0.03383718803525, 0, 0.19218601286411, 1, },
		{ 0.99296259880066, 0, -0.11842779070139, 0, 0, 1, 0, 0, 0.11842779070139, 0, 0.99296259880066, 0, -0.039773195981979, 0, 0.22590099275112, 1, },
		{ 0.99061441421509, 0, -0.13668611645699, 0, 0, 1, 0, 0, 0.13668611645699, 0, 0.99061441421509, 0, -0.045941233634949, 0, 0.26093372702599, 1, },
		{ 0.98784983158112, 0, -0.15541124343872, 0, 0, 1, 0, 0, 0.15541124343872, 0, 0.98784983158112, 0, -0.05228328704834, 0, 0.29695490002632, 1, },
		{ 0.9846710562706, 0, -0.17442162334919, 0, 0, 1, 0, 0, 0.17442162334919, 0, 0.9846710562706, 0, -0.058741349726915, 0, 0.33363482356071, 1, },
		{ 0.98109292984009, 0, -0.19353713095188, 0, 0, 1, 0, 0, 0.19353713095188, 0, 0.98109292984009, 0, -0.065257430076599, 0, 0.37064442038536, 1, },
		{ 0.97714382410049, 0, -0.21257935464382, 0, 0, 1, 0, 0, 0.21257935464382, 0, 0.97714382410049, 0, -0.071773514151573, 0, 0.4076541364193, 1, },
		{ 0.97286516427994, 0, -0.23137281835079, 0, 0, 1, 0, 0, 0.23137281835079, 0, 0.97286516427994, 0, -0.078231580555439, 0, 0.44433397054672, 1, },
		{ 0.96831160783768, 0, -0.24974499642849, 0, 0, 1, 0, 0, 0.24974499642849, 0, 0.96831160783768, 0, -0.08457362651825, 0, 0.48035526275635, 1, },
		{ 0.96355026960373, 0, -0.26752734184265, 0, 0, 1, 0, 0, 0.26752734184265, 0, 0.96355026960373, 0, -0.090741664171219, 0, 0.51538795232773, 1, },
		{ 0.95865958929062, 0, -0.28455522656441, 0, 0, 1, 0, 0, 0.28455522656441, 0, 0.95865958929062, 0, -0.096677683293819, 0, 0.54910278320313, 1, },
		{ 0.95372879505157, 0, -0.30066826939583, 0, 0, 1, 0, 0, 0.30066826939583, 0, 0.95372879505157, 0, -0.10232363641262, 0, 0.58117043972015, 1, },
		{ 0.94885545969009, 0, -0.3157105743885, 0, 0, 1, 0, 0, 0.3157105743885, 0, 0.94885545969009, 0, -0.10762158036232, 0, 0.61126136779785, 1, },
		{ 0.94414514303207, 0, -0.32952991127968, 0, 0, 1, 0, 0, 0.32952991127968, 0, 0.94414514303207, 0, -0.11251347512007, 0, 0.63904583454132, 1, },
		{ 0.93970799446106, 0, -0.34197795391083, 0, 0, 1, 0, 0, 0.34197795391083, 0, 0.93970799446106, 0, -0.11694131791592, 0, 0.66419476270676, 1, },
		{ 0.93565768003464, 0, -0.3529087305069, 0, 0, 1, 0, 0, 0.3529087305069, 0, 0.93565768003464, 0, -0.12084710597992, 0, 0.68637877702713, 1, },
		{ 0.93210870027542, 0, -0.36217841506004, 0, 0, 1, 0, 0, 0.36217841506004, 0, 0.93210870027542, 0, -0.12417279183865, 0, 0.70526760816574, 1, },
		{ 0.92917364835739, 0, -0.36964356899261, 0, 0, 1, 0, 0, 0.36964356899261, 0, 0.92917364835739, 0, -0.12686045467854, 0, 0.72053265571594, 1, },
		{ 0.92696005105972, 0, -0.37515994906425, 0, 0, 1, 0, 0, 0.37515994906425, 0, 0.92696005105972, 0, -0.12885197997093, 0, 0.73184448480606, 1, },
		{ 0.92556810379028, 0, -0.37858113646507, 0, 0, 1, 0, 0, 0.37858113646507, 0, 0.92556810379028, 0, -0.13008946180344, 0, 0.7388728260994, 1, },
		{ 0.92508673667908, 0, -0.37975588440895, 0, 0, 1, 0, 0, 0.37975588440895, 0, 0.92508673667908, 0, -0.1305148601532, 0, 0.73898786306381, 1, },
		{ 0.92508673667908, 0, -0.37975588440895, 0, 0, 1, 0, 0, 0.37975588440895, 0, 0.92508673667908, 0, -0.1305148601532, 0, 0.74128890037537, 1, },
	},
}
end
