function data()
return {
	times = { 0, 833.333, 875, 916.667, 958.333, 1000, 1041.667, 1083.333, 1125, 1166.667, 1208.333, 1250, 1291.667, 1333.333, 1375, 1416.667, 1458.333, 1500, 1541.667, 1583.333, 1625, 1666.667, 1708.333, 1750, 1791.667, 1833.333, 1875, 1916.667, 1958.333, 2000, 2041.667, 2083.333, },
	transfs = {
		{ 1, 0, 0, 0, 0, 1, 0, 0, 0, 0, 1, 0, 0, 0, 0, 1, },
		{ 1, 0, 0, 0, 0, 1, 0, 0, 0, 0, 1, 0, 0, 0, 0, 1, },
		{ 0.9999977350235, 0, 0.0020955468062311, 0, 0, 1, 0, 0, -0.0020955468062311, 0, 0.9999977350235, 0, 0, 0, 0, 1, },
		{ 0.99996644258499, 0, 0.0081915985792875, 0, 0, 1, 0, 0, -0.0081915985792875, 0, 0.99996644258499, 0, 0, 0, 0, 1, },
		{ 0.99983793497086, 0, 0.018001696094871, 0, 0, 1, 0, 0, -0.018001696094871, 0, 0.99983793497086, 0, 0, 0, 0, 1, },
		{ 0.99951195716858, 0, 0.03123764693737, 0, 0, 1, 0, 0, -0.03123764693737, 0, 0.99951195716858, 0, 0, 0, 0, 1, },
		{ 0.99886608123779, 0, 0.047608107328415, 0, 0, 1, 0, 0, -0.047608107328415, 0, 0.99886608123779, 0, 0, 0, 0, 1, },
		{ 0.99776518344879, 0, 0.066817216575146, 0, 0, 1, 0, 0, -0.066817216575146, 0, 0.99776518344879, 0, 0, 0, 0, 1, },
		{ 0.99607044458389, 0, 0.088563598692417, 0, 0, 1, 0, 0, -0.088563598692417, 0, 0.99607044458389, 0, 0, 0, 0, 1, },
		{ 0.99364721775055, 0, 0.11253971606493, 0, 0, 1, 0, 0, -0.11253971606493, 0, 0.99364721775055, 0, 0, 0, 0, 1, },
		{ 0.99037194252014, 0, 0.13843169808388, 0, 0, 1, 0, 0, -0.13843169808388, 0, 0.99037194252014, 0, 0, 0, 0, 1, },
		{ 0.98613911867142, 0, 0.16592046618462, 0, 0, 1, 0, 0, -0.16592046618462, 0, 0.98613911867142, 0, 0, 0, 0, 1, },
		{ 0.98086631298065, 0, 0.19468249380589, 0, 0, 1, 0, 0, -0.19468249380589, 0, 0.98086631298065, 0, 0, 0, 0, 1, },
		{ 0.97449886798859, 0, 0.22439216077328, 0, 0, 1, 0, 0, -0.22439216077328, 0, 0.97449886798859, 0, 0, 0, 0, 1, },
		{ 0.96701383590698, 0, 0.25472366809845, 0, 0, 1, 0, 0, -0.25472366809845, 0, 0.96701383590698, 0, 0, 0, 0, 1, },
		{ 0.95842200517654, 0, 0.28535440564156, 0, 0, 1, 0, 0, -0.28535440564156, 0, 0.95842200517654, 0, 0, 0, 0, 1, },
		{ 0.94877004623413, 0, 0.31596741080284, 0, 0, 1, 0, 0, -0.31596741080284, 0, 0.94877004623413, 0, 0, 0, 0, 1, },
		{ 0.93814039230347, 0, 0.3462550342083, 0, 0, 1, 0, 0, -0.3462550342083, 0, 0.93814039230347, 0, 0, 0, 0, 1, },
		{ 0.9266517162323, 0, 0.37592089176178, 0, 0, 1, 0, 0, -0.37592089176178, 0, 0.9266517162323, 0, 0, 0, 0, 1, },
		{ 0.91445660591125, 0, 0.40468388795853, 0, 0, 1, 0, 0, -0.40468388795853, 0, 0.91445660591125, 0, 0, 0, 0, 1, },
		{ 0.90173995494843, 0, 0.43227890133858, 0, 0, 1, 0, 0, -0.43227890133858, 0, 0.90173995494843, 0, 0, 0, 0, 1, },
		{ 0.88871532678604, 0, 0.45845940709114, 0, 0, 1, 0, 0, -0.45845940709114, 0, 0.88871532678604, 0, 0, 0, 0, 1, },
		{ 0.87562185525894, 0, 0.48299723863602, 0, 0, 1, 0, 0, -0.48299723863602, 0, 0.87562185525894, 0, 0, 0, 0, 1, },
		{ 0.86271923780441, 0, 0.50568324327469, 0, 0, 1, 0, 0, -0.50568324327469, 0, 0.86271923780441, 0, 0, 0, 0, 1, },
		{ 0.8502836227417, 0, 0.52632474899292, 0, 0, 1, 0, 0, -0.52632474899292, 0, 0.8502836227417, 0, 0, 0, 0, 1, },
		{ 0.83860158920288, 0, 0.54474520683289, 0, 0, 1, 0, 0, -0.54474520683289, 0, 0.83860158920288, 0, 0, 0, 0, 1, },
		{ 0.82796561717987, 0, 0.56077885627747, 0, 0, 1, 0, 0, -0.56077885627747, 0, 0.82796561717987, 0, 0, 0, 0, 1, },
		{ 0.81866735219955, 0, 0.57426786422729, 0, 0, 1, 0, 0, -0.57426786422729, 0, 0.81866735219955, 0, 0, 0, 0, 1, },
		{ 0.81099259853363, 0, 0.58505630493164, 0, 0, 1, 0, 0, -0.58505630493164, 0, 0.81099259853363, 0, 0, 0, 0, 1, },
		{ 0.80521374940872, 0, 0.59298467636108, 0, 0, 1, 0, 0, -0.59298467636108, 0, 0.80521374940872, 0, 0, 0, 0, 1, },
		{ 0.8015838265419, 0, 0.59788233041763, 0, 0, 1, 0, 0, -0.59788233041763, 0, 0.8015838265419, 0, 0, 0, 0, 1, },
		{ 0.80032914876938, 0, 0.59956085681915, 0, 0, 1, 0, 0, -0.59956085681915, 0, 0.80032914876938, 0, 0, 0, 0, 1, },
	},
}
end
