function data()
return {
	times = { 0, 41.667, 83.333, 125, 166.667, 208.333, 250, 291.667, 333.333, 375, 416.667, 458.333, 500, 541.667, 583.333, 625, 666.667, 708.333, 750, 791.667, 833.333, 875, 916.667, 958.333, 1000, 1041.667, 2083.333, },
	transfs = {
		{ 1, 0, 0, 0, 0, 1, 0, 0, 0, 0, 1, 0, 0, 0, 0, 1, },
		{ 0.99999874830246, 0, 0.0015994786517695, 0, 0, 1, 0, 0, -0.0015994786517695, 0, 0.99999874830246, 0, 0, 0, 0, 1, },
		{ 0.99998062849045, 0, 0.0062225917354226, 0, 0, 1, 0, 0, -0.0062225917354226, 0, 0.99998062849045, 0, 0, 0, 0, 1, },
		{ 0.99990737438202, 0, 0.013606112450361, 0, 0, 1, 0, 0, -0.013606112450361, 0, 0.99990737438202, 0, 0, 0, 0, 1, },
		{ 0.99972414970398, 0, 0.023486088961363, 0, 0, 1, 0, 0, -0.023486088961363, 0, 0.99972414970398, 0, 0, 0, 0, 1, },
		{ 0.9993662238121, 0, 0.035597328096628, 0, 0, 1, 0, 0, -0.035597328096628, 0, 0.9993662238121, 0, 0, 0, 0, 1, },
		{ 0.99876552820206, 0, 0.049672968685627, 0, 0, 1, 0, 0, -0.049672968685627, 0, 0.99876552820206, 0, 0, 0, 0, 1, },
		{ 0.99785625934601, 0, 0.065444201231003, 0, 0, 1, 0, 0, -0.065444201231003, 0, 0.99785625934601, 0, 0, 0, 0, 1, },
		{ 0.99657940864563, 0, 0.082640372216702, 0, 0, 1, 0, 0, -0.082640372216702, 0, 0.99657940864563, 0, 0, 0, 0, 1, },
		{ 0.99488747119904, 0, 0.100989125669, 0, 0, 1, 0, 0, -0.100989125669, 0, 0.99488747119904, 0, 0, 0, 0, 1, },
		{ 0.99274760484695, 0, 0.12021727114916, 0, 0, 1, 0, 0, -0.12021727114916, 0, 0.99274760484695, 0, 0, 0, 0, 1, },
		{ 0.9901442527771, 0, 0.14005123078823, 0, 0, 1, 0, 0, -0.14005123078823, 0, 0.9901442527771, 0, 0, 0, 0, 1, },
		{ 0.98708158731461, 0, 0.16021846234798, 0, 0, 1, 0, 0, -0.16021846234798, 0, 0.98708158731461, 0, 0, 0, 0, 1, },
		{ 0.98358446359634, 0, 0.18044838309288, 0, 0, 1, 0, 0, -0.18044838309288, 0, 0.98358446359634, 0, 0, 0, 0, 1, },
		{ 0.97969907522202, 0, 0.20047344267368, 0, 0, 1, 0, 0, -0.20047344267368, 0, 0.97969907522202, 0, 0, 0, 0, 1, },
		{ 0.97549295425415, 0, 0.22003036737442, 0, 0, 1, 0, 0, -0.22003036737442, 0, 0.97549295425415, 0, 0, 0, 0, 1, },
		{ 0.97105371952057, 0, 0.23886093497276, 0, 0, 1, 0, 0, -0.23886093497276, 0, 0.97105371952057, 0, 0, 0, 0, 1, },
		{ 0.96648764610291, 0, 0.25671288371086, 0, 0, 1, 0, 0, -0.25671288371086, 0, 0.96648764610291, 0, 0, 0, 0, 1, },
		{ 0.9619175195694, 0, 0.27333968877792, 0, 0, 1, 0, 0, -0.27333968877792, 0, 0.9619175195694, 0, 0, 0, 0, 1, },
		{ 0.957479596138, 0, 0.28850099444389, 0, 0, 1, 0, 0, -0.28850099444389, 0, 0.957479596138, 0, 0, 0, 0, 1, },
		{ 0.95332014560699, 0, 0.30196142196655, 0, 0, 1, 0, 0, -0.30196142196655, 0, 0.95332014560699, 0, 0, 0, 0, 1, },
		{ 0.94959151744843, 0, 0.3134900033474, 0, 0, 1, 0, 0, -0.3134900033474, 0, 0.94959151744843, 0, 0, 0, 0, 1, },
		{ 0.94644737243652, 0, 0.32285812497139, 0, 0, 1, 0, 0, -0.32285812497139, 0, 0.94644737243652, 0, 0, 0, 0, 1, },
		{ 0.94403755664825, 0, 0.32983773946762, 0, 0, 1, 0, 0, -0.32983773946762, 0, 0.94403755664825, 0, 0, 0, 0, 1, },
		{ 0.942502617836, 0, 0.33419859409332, 0, 0, 1, 0, 0, -0.33419859409332, 0, 0.942502617836, 0, 0, 0, 0, 1, },
		{ 0.94196683168411, 0, 0.33570572733879, 0, 0, 1, 0, 0, -0.33570572733879, 0, 0.94196683168411, 0, 0, 0, 0, 1, },
		{ 0.94196683168411, 0, 0.33570572733879, 0, 0, 1, 0, 0, -0.33570572733879, 0, 0.94196683168411, 0, 0, 0, 0, 1, },
	},
}
end
