function data()
return {
	times = { 0, 833.333, 875, 916.667, 958.333, 1000, 1041.667, 1083.333, 1125, 1166.667, 1208.333, 1250, 1291.667, 1333.333, 1375, 1416.667, 1458.333, 1500, 1541.667, 1583.333, 1625, 1666.667, 1708.333, 1750, 1791.667, 1833.333, 1875, 1916.667, 1958.333, 2000, 2041.667, 2083.333, },
	transfs = {
		{ 1, 0, 0, 0, 0, 1, 0, 0, 0, 0, 1, 0, 0, 0, 0, 1, },
		{ 1, 0, 0, 0, 0, 1, 0, 0, 0, 0, 1, 0, -0.019608153030276, 0, 0, 1, },
		{ 1, 0, -0.00024411699268967, 0, 0, 1, 0, 0, 0.00024411699268967, 0, 1, 0, -0.020588379353285, 0, -0.0060737608000636, 1, },
		{ 0.99999809265137, 0, -0.0019529337296262, 0, 0, 1, 0, 0, 0.0019529337296262, 0, 0.99999809265137, 0, -0.021569212898612, 0, -0.023782959207892, 1, },
		{ 0.9999783039093, 0, -0.0065911067649722, 0, 0, 1, 0, 0, 0.0065911067649722, 0, 0.9999783039093, 0, -0.022549437358975, 0, -0.052360534667969, 1, },
		{ 0.99987787008286, 0, -0.015622843056917, 0, 0, 1, 0, 0, 0.015622843056917, 0, 0.99987787008286, 0, -0.037962645292282, 0, -0.091038510203362, 1, },
		{ 0.9995344877243, 0, -0.030509874224663, 0, 0, 1, 0, 0, 0.030509874224663, 0, 0.9995344877243, 0, -0.055993039160967, 0, -0.13904999196529, 1, },
		{ 0.99795281887054, 0, -0.063954643905163, 0, 0, 1, 0, 0, 0.063954643905163, 0, 0.99795281887054, 0, -0.075845338404179, 0, -0.19562713801861, 1, },
		{ 0.99312037229538, 0, -0.11709748953581, 0, 0, 1, 0, 0, 0.11709748953581, 0, 0.99312037229538, 0, -0.096721187233925, 0, -0.2600025832653, 1, },
		{ 0.98474007844925, 0, -0.17403163015842, 0, 0, 1, 0, 0, 0.17403163015842, 0, 0.98474007844925, 0, -0.11782348155975, 0, -0.33140867948532, 1, },
		{ 0.97568583488464, 0, -0.21917349100113, 0, 0, 1, 0, 0, 0.21917349100113, 0, 0.97568583488464, 0, -0.13835449516773, 0, -0.40907821059227, 1, },
		{ 0.97138452529907, 0, -0.23751217126846, 0, 0, 1, 0, 0, 0.23751217126846, 0, 0.97138452529907, 0, -0.15751770138741, 0, -0.49224349856377, 1, },
		{ 0.97219210863113, 0, -0.23418475687504, 0, 0, 1, 0, 0, 0.23418475687504, 0, 0.97219210863113, 0, -0.17465941607952, 0, -0.58010387420654, 1, },
		{ 0.97424668073654, 0, -0.22548487782478, 0, 0, 1, 0, 0, 0.22548487782478, 0, 0.97424668073654, 0, -0.18970458209515, 0, -0.67172664403915, 1, },
		{ 0.9769794344902, 0, -0.21333329379559, 0, 0, 1, 0, 0, 0.21333329379559, 0, 0.9769794344902, 0, -0.20174193382263, 0, -0.76614558696747, 1, },
		{ 0.97986471652985, 0, -0.19966249167919, 0, 0, 1, 0, 0, 0.19966249167919, 0, 0.97986471652985, 0, -0.21377867460251, 0, -0.86239492893219, 1, },
		{ 0.98246884346008, 0, -0.18642674386501, 0, 0, 1, 0, 0, 0.18642674386501, 0, 0.98246884346008, 0, -0.22203490138054, 0, -0.959508061409, 1, },
		{ 0.98453843593597, 0, -0.17516867816448, 0, 0, 1, 0, 0, 0.17516867816448, 0, 0.98453843593597, 0, -0.23029112815857, 0, -1.0565192699432, 1, },
		{ 0.98617428541183, 0, -0.16571152210236, 0, 0, 1, 0, 0, 0.16571152210236, 0, 0.98617428541183, 0, -0.2272015362978, 0, -1.1524628400803, 1, },
		{ 0.98752844333649, 0, -0.15744079649448, 0, 0, 1, 0, 0, 0.15744079649448, 0, 0.98752844333649, 0, -0.22411192953587, 0, -1.2463721036911, 1, },
		{ 0.98872584104538, 0, -0.14973670244217, 0, 0, 1, 0, 0, 0.14973670244217, 0, 0.98872584104538, 0, -0.22102233767509, 0, -1.3372813463211, 1, },
		{ 0.98987007141113, 0, -0.14197589457035, 0, 0, 1, 0, 0, 0.14197589457035, 0, 0.98987007141113, 0, -0.21793273091316, 0, -1.4242242574692, 1, },
		{ 0.99103021621704, 0, -0.13363762199879, 0, 0, 1, 0, 0, 0.13363762199879, 0, 0.99103021621704, 0, -0.21484313905239, 0, -1.5062783956528, 1, },
		{ 0.99220424890518, 0, -0.1246218457818, 0, 0, 1, 0, 0, 0.1246218457818, 0, 0.99220424890518, 0, -0.21175353229046, 0, -1.582693696022, 1, },
		{ 0.99337303638458, 0, -0.11493418365717, 0, 0, 1, 0, 0, 0.11493418365717, 0, 0.99337303638458, 0, -0.20866394042969, 0, -1.6527645587921, 1, },
		{ 0.99451643228531, 0, -0.10458030551672, 0, 0, 1, 0, 0, 0.10458030551672, 0, 0.99451643228531, 0, -0.20557433366776, 0, -1.7157839536667, 1, },
		{ 0.99561297893524, 0, -0.093566417694092, 0, 0, 1, 0, 0, 0.093566417694092, 0, 0.99561297893524, 0, -0.189906001091, 0, -1.771045923233, 1, },
		{ 0.9966247677803, 0, -0.082091838121414, 0, 0, 1, 0, 0, 0.082091838121414, 0, 0.9966247677803, 0, -0.17423705756664, 0, -1.8178441524506, 1, },
		{ 0.99746704101563, 0, -0.07112979888916, 0, 0, 1, 0, 0, 0.07112979888916, 0, 0.99746704101563, 0, -0.16110961139202, 0, -1.8554723262787, 1, },
		{ 0.99808543920517, 0, -0.061849806457758, 0, 0, 1, 0, 0, 0.061849806457758, 0, 0.99808543920517, 0, -0.14798156917095, 0, -1.8832241296768, 1, },
		{ 0.99846291542053, 0, -0.055423200130463, 0, 0, 1, 0, 0, 0.055423200130463, 0, 0.99846291542053, 0, -0.14247679710388, 0, -1.9003930091858, 1, },
		{ 0.99859338998795, 0, -0.053021043539047, 0, 0, 1, 0, 0, 0.053021043539047, 0, 0.99859338998795, 0, -0.13697142899036, 0, -1.9062730073929, 1, },
	},
}
end
